A = 5.5 + 12 * sin(0.4) + 2.2^4;
A
D = rand(4,4)
E = eye(4, 4)
F = zeros(2, 3)
G = ones(3, 6)
L = (1.2 + 3.4 - 5.6)/(2.1*3.2 + 4.6) - 12.1*3.1 + (1.2 + 5.2)^(4/(3.2+5.6))

